
$orca_hessian_file

$act_atom
  0

$act_coord
  0

$act_energy
     -511.644024

$multiplicity
  1

$hessian
9
                    0                  1                  2                  3                  4        
    0      4.0933983130E-02   1.4887069746E-06   3.1056022700E-06  -6.5319312326E-02   2.8407006904E-06
    1      1.4887069746E-06   4.0917419511E-02   1.3673498443E-05  -8.9379339495E-06  -6.5300121669E-02
    2      3.1056022700E-06   1.3673498443E-05   1.0421201682E+00   1.4770521013E-05  -4.6501735656E-05
    3     -6.5319312326E-02  -8.9379339495E-06   1.4770521013E-05   1.0822942245E-01   9.7517959927E-06
    4      2.8407006904E-06  -6.5300121669E-02  -4.6501735656E-05   9.7517959927E-06   1.0822488652E-01
    5     -2.0220068427E-05  -2.5232003683E-05  -9.6366348241E-01  -6.9969554563E-06   3.4768680183E-05
    6      2.4385329196E-02   7.4492210800E-06  -1.7876137328E-05  -4.2910110121E-02  -1.2592495245E-05
    7     -4.3294017700E-06   2.4382702158E-02   3.2828208148E-05  -8.1386348137E-07  -4.2924764853E-02
    8      1.7114480202E-05   1.1558534305E-05  -7.8456685791E-02  -7.7735898884E-06   1.1733063260E-05
                    5                  6                  7                  8        
     0     -2.0220068427E-05   2.4385329196E-02  -4.3294017700E-06   1.7114480202E-05
     1     -2.5232003683E-05   7.4492210800E-06   2.4382702158E-02   1.1558534305E-05
     2     -9.6366348241E-01  -1.7876137328E-05   3.2828208148E-05  -7.8456685791E-02
     3     -6.9969554563E-06  -4.2910110121E-02  -8.1386348137E-07  -7.7735898884E-06
     4      3.4768680183E-05  -1.2592495245E-05  -4.2924764853E-02   1.1733063260E-05
     5      1.3830031629E+00   2.7217048215E-05  -9.5366842871E-06  -4.1933968045E-01
     6      2.7217048215E-05   1.8524780925E-02   5.1432697082E-06  -9.3409006003E-06
     7     -9.5366842871E-06   5.1432697082E-06   1.8542062695E-02  -2.3291560713E-05
     8     -4.1933968045E-01  -9.3409006003E-06  -2.3291560713E-05   4.9779636624E-01

$vibrational_frequencies
9
    0        0.0000000000000000
    1        0.0000000000000000
    2        0.0000000000000000
    3        0.0000000000000000
    4        0.0000000000000000
    5      563.1621321685630619
    6      563.2155280470316256
    7      892.9674580989621973
    8     2092.0723286374181953

$normal_modes
9 9
                    0                  1                  2                  3                  4        
    0      0.0000000000E+00   0.0000000000E+00   0.0000000000E+00   0.0000000000E+00   0.0000000000E+00
    1      0.0000000000E+00   0.0000000000E+00   0.0000000000E+00   0.0000000000E+00   0.0000000000E+00
    2      0.0000000000E+00   0.0000000000E+00   0.0000000000E+00   0.0000000000E+00   0.0000000000E+00
    3      0.0000000000E+00   0.0000000000E+00   0.0000000000E+00   0.0000000000E+00   0.0000000000E+00
    4      0.0000000000E+00   0.0000000000E+00   0.0000000000E+00   0.0000000000E+00   0.0000000000E+00
    5      0.0000000000E+00   0.0000000000E+00   0.0000000000E+00   0.0000000000E+00   0.0000000000E+00
    6      0.0000000000E+00   0.0000000000E+00   0.0000000000E+00   0.0000000000E+00   0.0000000000E+00
    7      0.0000000000E+00   0.0000000000E+00   0.0000000000E+00   0.0000000000E+00   0.0000000000E+00
    8      0.0000000000E+00   0.0000000000E+00   0.0000000000E+00   0.0000000000E+00   0.0000000000E+00
                    5                  6                  7                  8        
     0     -1.8788079772E-01   3.4321845673E-01   2.6472045134E-05   1.7163496357E-06
     1      3.4321845576E-01   1.8788079856E-01  -3.7712110786E-05  -1.2270690333E-05
     2     -7.0563625078E-05   5.1937088620E-07  -7.1492148917E-01  -5.1057119073E-01
     3      4.3635541784E-01  -7.9712900369E-01  -6.1481643978E-05  -3.9862427217E-06
     4     -7.9712900143E-01  -4.3635541978E-01   8.7586831967E-05   2.8498826238E-05
     5     -1.0381205458E-05   1.3514287537E-05  -4.5797260345E-01   8.5726961480E-01
     6     -6.9718029974E-02   1.2736008653E-01   9.8231371090E-06   6.3689592978E-07
     7      1.2736008617E-01   6.9718030285E-02  -1.3994054220E-05  -4.5533570586E-06
     8      3.9102810243E-05  -5.3221934629E-06   5.2834491096E-01  -6.6376695662E-02

#
# The atoms: label  mass x y z (in bohrs)
#
$atoms
3
 O     15.99900      0.000000000000     0.000000000000    -2.192082315349
 C     12.01100      0.000000000000     0.000000000000     0.000000000000
 S     32.06000      0.000000000000     0.000000000000     2.947972768917

$actual_temperature
  0.000000

$frequency_scale_factor
  1.000000

$dipole_derivatives
9
   -1.5032251054E-01    3.3793337927E-06    3.5366018947E-06
    3.9525976163E-06   -1.5033004694E-01    2.9776463961E-06
    1.0050223807E-06    2.5660123597E-06   -1.8339080991E+00
    1.7184789377E-01    2.4053585570E-05   -6.4296369168E-05
    2.1081991024E-06    1.7182805687E-01    4.1866079842E-05
    4.0246128499E-06    3.4594865443E-05    2.8619339049E+00
   -2.1525383229E-02   -2.7432919363E-05    6.0759767273E-05
   -6.0607967187E-06   -2.1498009938E-02   -4.4843726238E-05
   -5.0296352306E-06   -3.7160877803E-05   -1.0280258058E+00

#
# The IR spectrum
#  wavenumber eps Int TX TY TZ
#
$ir_spectrum
9
      0.00   0.00000000   0.00000000     0.000000     0.000000     0.000000
      0.00   0.00000000   0.00000000     0.000000     0.000000     0.000000
      0.00   0.00000000   0.00000000     0.000000     0.000000     0.000000
      0.00   0.00000000   0.00000000     0.000000     0.000000     0.000000
      0.00   0.00000000   0.00000000     0.000000     0.000000     0.000000
    563.16   0.00070336   3.55451623     0.009481    -0.017317    -0.000001
    563.22   0.00070357   3.55555905    -0.017319    -0.009481     0.000007
    892.97   0.00289241  14.61706950    -0.000001    -0.000001    -0.031793
   2092.07   0.17556893 887.25339168     0.000000     0.000002     0.161829


$end

